0.395833333
0.055555556
0.5
0.041666667
0.763888889
1
1
0.133333333
0.033333333
0.975
0.277777778
0.2
0.884259259
0.4375
0.394444444
0.033333333
0.222222222
0.95
0.793518519
0.966666667
0.101851852
0.966666667
0.678240741
0.747569444
0.59375
0.166666667
0.966666667
0.05
0.6625
0.027777778
0.1
0.183333333
0.95
0.333333333
0.775
0.041666667
0.975
0.716666667
0.183333333
0.15
0.083333333
0.016666667
0.975
0.981790123
0.527777778
0.45
0.083333333
0.958333333
0.4125
0.6875
0.995833333
0.15
0.138888889
0.975
0.657407407
0.486111111
1
0.180555556
0.175
0.152777778
0.775
0.333333333
0.364197531
0.993055556
1
0.690277778
0.778703704
0.031481481
1
0.016666667
0.518981481
1
0.981481481
1
0.583796296
0.334722222
0.633333333
0.990740741
0.708333333
0.069444444
0.8
0.969907407
0.009259259
0.975
0.05
0.73125
0.975
0.783333333
0.12037037
0.104166667
0.50162037
0.452314815
0.742361111
0.825
0.194444444
0.017592593
0.78125
1
0.808333333
0.85
1
0.930555556
0.99537037
0.1
1
0.875
0.025
0.986111111
0.135416667
0.05
0.041666667
0.26875
0.69375
0.924814815
0.975
0.95
0.55
0.975
0.9
0.083333333
0.908950617
0.1
0.083333333
0.083333333
0.458333333
0.991666667
1
0.53125
0.324074074
0.666666667
0.15
0.975
0.99375
1
0.436728395
0.413888889
0.116666667
0.736111111
0.018518519
0.387345679
0.85
1.039351852
0.306111111
0.975
0.041666667
0.2
1
0.823302469
0.125
0.975
1
1
0.975
0.639814815
0.427083333
1
0.111111111
0.202777778
0.291666667
1
0.2625
0.1875
0.7
0.1375
0.60625
0.391666667
0.5
0.975
0.083333333
0.491666667
0.425
0.875
0.516666667
0.125
0.975
0.953703704
0.569444444
0.125
1
0.533333333
0.190277778
0.15
0.111111111
0.152777778
0.036728395
0.607638889